0.000000000000000
0.000000000000000
0.000000000000000
0.000000000000000
0.000000000000000
0.000000000000000
0.000000000000000
0.000000000000000
0.000000000000000
0.000000000000000
0.000000000000000
0.000000000000000
0.000000000000000
0.000000000000000
0.000000000000000
0.000000000000000
0.000000019083520
0.000000157612984
0.000000812789041
0.000002640375533
0.000005584797912
0.000008671525672
0.000012455388174
0.000018066947615
0.000021557420833
0.000017697401325
0.000009344173732
0.000003105946076
0.000000645551519
0.000000083216114
0.000000000000000
0.000000000000000
0.000000000000000
0.000000000000000
0.000000000000000
0.000000000000000
0.000000000000000
0.000000000000000
0.000000000000000
0.000000000000000
0.000000000000000
0.000000000000000
0.000000002726290
0.000000027342506
0.000000183038900
0.000000776922991
0.000002442273189
0.000006310466659
0.000015652646492
0.000035770734423
0.000066236052783
0.000097556489900
0.000128718615124
0.000163531910985
0.000175097130873
0.000134362789007
0.000068122755936
0.000022088199695
0.000004522240759
0.000000576516487
0.000000000000000
0.000000000000000
0.000000000000000
0.000000000000000
0.000000000000000
0.000000000000000
0.000000000000000
0.000000000000000
0.000000002913670
0.000000036940478
0.000000281178669
0.000001354234235
0.000004195349113
0.000008681076400
0.000013547847447
0.000020265725243
0.000034991819750
0.000065295380613
0.000128950051546
0.000256527644428
0.000447700661445
0.000645989988341
0.000823581994053
0.000972992715191
0.000963614710532
0.000697017304918
0.000339630030963
0.000107354466387
0.000021647681446
0.000002729217418
0.000000000000000
0.000000000000000
0.000000000000000
0.000000000000000
0.000000002624214
0.000000030969475
0.000000205429725
0.000000909152053
0.000002754499227
0.000006111207731
0.000011601513403
0.000023104005930
0.000047465880861
0.000084070313348
0.000124140261446
0.000176857637804
0.000275092454397
0.000443407696696
0.000740049981004
0.001288846135525
0.002109020935151
0.002988189999179
0.003742819646375
0.004212569164373
0.003914141175572
0.002676744040454
0.001250714054920
0.000384035163228
0.000076013185000
0.000009452280233
0.000000000000000
0.000000000000000
0.000000000000000
0.000000000000000
0.000000030815646
0.000000357073572
0.000002364679338
0.000010309322259
0.000030303350261
0.000063412023021
0.000106665390841
0.000176066385720
0.000309621725678
0.000508825624576
0.000726890929092
0.000991023997132
0.001417859555438
0.002048811509975
0.003003107271768
0.004655348732238
0.007139841375973
0.009907120561095
0.012265891301268
0.013399076572097
0.011918256157871
0.007814438326289
0.003530529635509
0.001058170053204
0.000206208544778
0.000025371532769
0.000000024592454
0.000000154289621
0.000000603936967
0.000001494589051
0.000002719023664
0.000005961697711
0.000021318678602
0.000076137206573
0.000205055218637
0.000404997364913
0.000632266822122
0.000918336970640
0.001404746899319
0.002124808667774
0.002931449798728
0.003862644226219
0.005168035745843
0.006813688795014
0.008947368283928
0.012476840032994
0.017886303577042
0.024120761006888
0.029460816660351
0.031563257386733
0.027354089407667
0.017497040606704
0.007754794317494
0.002294917584800
0.000444238215339
0.000054513359027
0.000000221661956
0.000001392194735
0.000005459185671
0.000013585888016
0.000024122940298
0.000044919538567
0.000125975207845
0.000386336839547
0.000957458716306
0.001791343554625
0.002629815415624
0.003442014808109
0.004631429593061
0.006422392895321
0.008529205572321
0.010887359370308
0.013764678353128
0.016856905356824
0.020308510468176
0.025862457986142
0.034580116055722
0.044832981530544
0.053600489298498
0.056452160706836
0.048160240673436
0.030449552435194
0.013412933141067
0.003966110616457
0.000770384302500
0.000095107672928
0.000001276388602
0.000008024206776
0.000031511272742
0.000078754654518
0.000138792997813
0.000238220031646
0.000557999336058
0.001455892904913
0.003246100838184
0.005685618717616
0.007881386126551
0.009497901596949
0.011514628782708
0.014783535179692
0.018880840955937
0.023288072608955
0.028020960901854
0.032520398100154
0.036988931010248
0.043878002289974
0.054728502979957
0.067530623857524
0.078278449540371
0.080771057524144
0.068027214357019
0.042797506593185
0.018891829644751
0.005628171980695
0.001105062676955
0.000138137934187
0.000004695449085
0.000029582899528
0.000116561281056
0.000293963214851
0.000524918169251
0.000885915484929
0.001866799313391
0.004210824580442
0.008293924198275
0.013347570645241
0.017422052202161
0.019694247719821
0.022185247325202
0.026935700486180
0.033234265557609
0.039616883866547
0.045863204514561
0.051658845592901
0.057160834240103
0.064550074018738
0.075476514413769
0.088299759536636
0.098739118976390
0.099493052352922
0.082754500357259
0.051992800099098
0.023117028952808
0.006972595395193
0.001388851199108
0.000176430367620
0.000011035037569
0.000069815260192
0.000276813179322
0.000709634707158
0.001309929864985
0.002276638579300
0.004602407950612
0.009358312327991
0.016397509822308
0.023978536526551
0.029357716747411
0.031666635631048
0.034175086048720
0.040127828767401
0.048305613457064
0.056187307588361
0.063695199851426
0.071224639294210
0.078421126119508
0.085928112191957
0.095214075942641
0.106099637668915
0.114896120658073
0.113545221903140
0.093705961732326
0.059053090432006
0.026526099386713
0.008107550528728
0.001636304014011
0.000210911551179
0.000016568109592
0.000105759451127
0.000424970924447
0.001126333390469
0.002223518873561
0.004163107599647
0.008432357522451
0.016095950374957
0.025834402444057
0.034698650331019
0.040104356194660
0.042105372298773
0.044737234570677
0.051676498089234
0.061415218654844
0.070732166369712
0.079529616837631
0.088777991125981
0.097674923908283
0.105231840405406
0.112480228861371
0.120971132316728
0.128454109032667
0.126197798417723
0.104323932013567
0.066117720435918
0.029913850310127
0.009207461051345
0.001868976370563
0.000242353064758
0.000015891853880
0.000103497523163
0.000428547067353
0.001217527441774
0.002719508434180
0.005741571818066
0.011963915940178
0.022134486229496
0.033962240112410
0.043590657792939
0.048910339044015
0.051142985899725
0.054489459459214
0.062536835327234
0.074029587284782
0.085048918989597
0.094355941228260
0.103041881806980
0.111085251271323
0.117620572587019
0.123425147077260
0.130875218605822
0.139100693090806
0.138267209693916
0.115453034850621
0.073435931693177
0.033189647923016
0.010184563888203
0.002059892283941
0.000266044616216
0.000009738198660
0.000066501871420
0.000294904325772
0.000961655734335
0.002606530230928
0.006377696026386
0.013865321220350
0.025579702327565
0.039257256729740
0.050708526131566
0.057341200039271
0.060548848630994
0.064746654282675
0.073879855449357
0.087196233849745
0.099694865760500
0.108086259788016
0.113112430313858
0.116578015364478
0.119958548394939
0.124819997248542
0.133305974446841
0.144547336282365
0.146811027520249
0.123943150332564
0.078802296021399
0.035372229130929
0.010759587477567
0.002158064527695
0.000276227010276
0.000003812283231
0.000029193709662
0.000149773441091
0.000611656545699
0.002077080173121
0.005823538368371
0.013349973751706
0.025349663808254
0.040369903245385
0.054296851959172
0.063265499463913
0.067796000067243
0.072514930410179
0.082077710308324
0.096267668377355
0.109342198733128
0.116443944310559
0.117743831710836
0.116558355224762
0.117114638580726
0.121979582301586
0.131924206258755
0.144795230487843
0.147961447516552
0.124715798244070
0.078743360790681
0.035027249535612
0.010559471201501
0.002101041618563
0.000266667396334
0.000000953441716
0.000009498354655
0.000062295609566
0.000329305118003
0.001346420676514
0.004205660864054
0.010337308655278
0.020886059233933
0.035393718129666
0.050355922484745
0.061442383274668
0.068192244643485
0.074336217112113
0.084109774600740
0.097681459953859
0.110004962567475
0.116493434667103
0.117260831769442
0.115983311744422
0.117530753489466
0.123791907324086
0.133248905928856
0.142574738294431
0.141206788537959
0.116086882493773
0.072075787007697
0.031725028464381
0.009502082725938
0.001882706988338
0.000238212391416
0.000000152337072
0.000002539434619
0.000022027706287
0.000142663391999
0.000663708534623
0.002285100656228
0.006166525440723
0.013644415385926
0.025092012977988
0.038480991642505
0.050835027115107
0.061422251230741
0.071749439088518
0.083390819301365
0.095811339242536
0.105991414659497
0.111719670394397
0.114056283188370
0.116229104119652
0.121414958011772
0.129425025701035
0.136853330873874
0.139907519335618
0.131469733533307
0.103927183430280
0.063172360457061
0.027597535448486
0.008271469732332
0.001646467745743
0.000209954049045
0.000000015549611
0.000000572796972
0.000006146488355
0.000045785489279
0.000237001942326
0.000909178144198
0.002759879462566
0.006829332200665
0.013914694069731
0.023781948534554
0.035844628299253
0.050189164398732
0.066509810413708
0.082615532189564
0.095520194173975
0.103844786025665
0.108177901538199
0.110681360779809
0.114535372544335
0.121938956356580
0.131417322222815
0.138353147492107
0.138117218801942
0.125419014085378
0.096535907242020
0.058107982196853
0.025508227955179
0.007747042746524
0.001567378355357
0.000203586680763
0.000000000000000
0.000000093798580
0.000001205071594
0.000010303054999
0.000060216831653
0.000262837140085
0.000914207135936
0.002567342352304
0.005951013267273
0.011841988190883
0.021400089664294
0.036100248564030
0.055766077314350
0.076209659077643
0.091938641955821
0.101464725622542
0.106036868731960
0.107451590418541
0.109640453285499
0.116664341577611
0.127750048134560
0.137286429070487
0.138691344610774
0.125949879094347
0.096822458679376
0.058711734952661
0.026191602836898
0.008113948725473
0.001673754625275
0.000221266273539
0.000000000000000
0.000000011535343
0.000000161195626
0.000001601734294
0.000010860675684
0.000054985306236
0.000221975727303
0.000717733167742
0.001955656034319
0.004711902509596
0.010461150200656
0.021364860459358
0.038440142808705
0.058562907395322
0.076301894558518
0.089364347587312
0.097420180483608
0.100391436661224
0.102282239827505
0.109110081284398
0.121646006801033
0.134721510699011
0.140471747124349
0.130618025425356
0.102107278922421
0.062876573858854
0.028485054520949
0.008947797344876
0.001866708228625
0.000248700185696
0.000000000000000
0.000000000000000
0.000000004905465
0.000000114992748
0.000001173805678
0.000007723316078
0.000038326693776
0.000147683963211
0.000491340510654
0.001466934257060
0.004002333330403
0.009790659743280
0.020349901049271
0.034793398117923
0.050162134761610
0.064603190688412
0.076704972831984
0.084928619879285
0.091426870834455
0.100620800804553
0.113834499564676
0.128708173520306
0.138783612335505
0.133693983261917
0.107448640321560
0.067348094464577
0.030792959134588
0.009705479942654
0.002024716616257
0.000269030037925
0.000000000000000
0.000000000000000
0.000000000000000
0.000000006736618
0.000000095863582
0.000000774100272
0.000004749677007
0.000022281857300
0.000093056527894
0.000347021013626
0.001154116700383
0.003345572634668
0.007983435327061
0.015403973587584
0.025035733921388
0.036540362989263
0.049332243592971
0.062163060134396
0.074804489409408
0.087806336073796
0.101854812271068
0.117602153286437
0.130905562132012
0.130536630730342
0.107791230630813
0.068574508677279
0.031467089808035
0.009880750904290
0.002045598316396
0.000269425669989
0.000000000000000
0.000000000000000
0.000000000000000
0.000000000000000
0.000000002308451
0.000000031865414
0.000000328142657
0.000002189663203
0.000012556400759
0.000060401315673
0.000244920391832
0.000835875342110
0.002280816492986
0.004999797270287
0.009349601964703
0.015994427356533
0.025641037906899
0.038375022767665
0.053239249500493
0.068606267272737
0.084592533704161
0.102443980298784
0.117865795088866
0.119752122574317
0.099938151184913
0.063895638394297
0.029303632726193
0.009153403523996
0.001878605114620
0.000245298651516
0.000000000000000
0.000000000000000
0.000000000000000
0.000000000000000
0.000000000000000
0.000000000498508
0.000000014200508
0.000000135600181
0.000001117953296
0.000007327662891
0.000036982863057
0.000149659588011
0.000468388157501
0.001182723831534
0.002621549892834
0.005467656746686
0.010792084510748
0.019568366908566
0.031615519419247
0.045904895101802
0.062890723251460
0.082620256137605
0.098801637925631
0.101107824914846
0.084290010246335
0.053958901343188
0.024814451576855
0.007761947368025
0.001590686256472
0.000207477723596
0.000000000000000
0.000000000000000
0.000000000000000
0.000000000000000
0.000000000000000
0.000000000000000
0.000000000000000
0.000000000000000
0.000000025467607
0.000000431036447
0.000003259423904
0.000017243529236
0.000065484491508
0.000200764515805
0.000557047311438
0.001476488173036
0.003655273802943
0.008009738407797
0.015055919863987
0.025124877303515
0.039364880244584
0.057140411251701
0.071939758593976
0.075343649687699
0.063961861006709
0.041813621570770
0.019636039427426
0.006250987100966
0.001298162029998
0.000171425029896
0.000000000000000
0.000000000000000
0.000000000000000
0.000000000000000
0.000000000000000
0.000000000000000
0.000000000000000
0.000000000000000
0.000000000000000
0.000000016001278
0.000000163517607
0.000001162687338
0.000005738940746
0.000023673119552
0.000089802206187
0.000313532218556
0.000970629778198
0.002528565474894
0.005506555962436
0.010691637803855
0.019335821750064
0.031176500679631
0.042146418852682
0.046893901065615
0.042260864659202
0.029145919587909
0.014274081534459
0.004687169030782
0.000996334328304
0.000134211522113
0.000000000000000
0.000000000000000
0.000000000000000
0.000000000000000
0.000000000000000
0.000000000000000
0.000000000000000
0.000000000000000
0.000000000000000
0.000000000000000
0.000000000000000
0.000000014754817
0.000000181219223
0.000001605708408
0.000010418406143
0.000050402210705
0.000193143282909
0.000588938666197
0.001486405325911
0.003384704302005
0.007055408384538
0.012670116670888
0.018821046622015
0.023099806844853
0.022830743958394
0.016895941740493
0.008674513091475
0.002937540388166
0.000637907393310
0.000087392259813
0.000000000000000
0.000000000000000
0.000000000000000
0.000000000000000
0.000000000000000
0.000000000000000
0.000000000000000
0.000000000000000
0.000000000000000
0.000000000000000
0.000000000000000
0.000000000328113
0.000000006773466
0.000000101476085
0.000000984640646
0.000006068379811
0.000027664499138
0.000097762610591
0.000288079256547
0.000773151593915
0.001848732995065
0.003720043868869
0.006212683182002
0.008610133668951
0.009407864253861
0.007439089515231
0.003972683028060
0.001377165142740
0.000303579231175
0.000042051874941
0.000000000000000
0.000000000000000
0.000000000000000
0.000000000000000
0.000000000000000
0.000000000000000
0.000000000000000
0.000000000000000
0.000000000000000
0.000000000000000
0.000000000000000
0.000000000000000
0.000000000000000
0.000000001740458
0.000000049655532
0.000000426928164
0.000002470660588
0.000010794438040
0.000038777856180
0.000124262234596
0.000340745474653
0.000777527154171
0.001487243712115
0.002338589246670
0.002794519680575
0.002328818329289
0.001280122931529
0.000451005626768
0.000100388716366
0.000013999346527
0.000000000000000
0.000000000000000
0.000000000000000
0.000000000000000
0.000000000000000
0.000000000000000
0.000000000000000
0.000000000000000
0.000000000000000
0.000000000000000
0.000000000000000
0.000000000000000
0.000000000000000
0.000000000000000
0.000000000000000
0.000000001941568
0.000000038936282
0.000000421509977
0.000002699131340
0.000012395191121
0.000041954161743
0.000113092065824
0.000252401318388
0.000447157305632
0.000574647196053
0.000497975221921
0.000279430147108
0.000099555482255
0.000022303121694
0.000003123310953
0.000000000000000
0.000000000000000
0.000000000000000
0.000000000000000
0.000000000000000
0.000000000000000
0.000000000000000
0.000000000000000
0.000000000000000
0.000000000000000
0.000000000000000
0.000000000000000
0.000000000000000
0.000000000000000
0.000000000000000
0.000000000000000
0.000000000000000
0.000000006288769
0.000000065491316
0.000000479231073
0.000002401847173
0.000009254593685
0.000026984698997
0.000055974797416
0.000077908696846
0.000070180643601
0.000040152699782
0.000014453346348
0.000003256770255
0.000000457836646
